{
 "cells": [
  {
   "cell_type": "code",
   "execution_count": 1,
   "metadata": {},
   "outputs": [
    {
     "name": "stdout",
     "output_type": "stream",
     "text": [
      "2.10.1\n",
      "sys.version_info(major=3, minor=10, micro=5, releaselevel='final', serial=0)\n",
      "matplotlib 3.5.2\n",
      "numpy 1.23.1\n",
      "pandas 1.4.3\n",
      "sklearn 1.2.1\n",
      "tensorflow 2.10.1\n",
      "keras.api._v2.keras 2.10.0\n"
     ]
    }
   ],
   "source": [
    "import matplotlib as mpl\n",
    "import matplotlib.pyplot as plt\n",
    "%matplotlib inline\n",
    "import numpy as np\n",
    "import sklearn\n",
    "import pandas as pd\n",
    "import os\n",
    "import sys\n",
    "import time\n",
    "import tensorflow as tf\n",
    "from sklearn.metrics import mean_squared_error\n",
    "\n",
    "from tensorflow import keras\n",
    "plt.rcParams['font.sans-serif']=['SimHei']\n",
    "plt.rcParams['axes.unicode_minus'] = False  # 用来正常显示负号\n",
    "from sklearn.preprocessing import StandardScaler\n",
    "from scipy.stats import pearsonr\n",
    "print(tf.__version__)\n",
    "print(sys.version_info)\n",
    "import h2o\n",
    "from h2o.automl import H2OAutoML\n",
    "for module in mpl, np, pd, sklearn, tf, keras:\n",
    "    print(module.__name__, module.__version__)\n"
   ]
  },
  {
   "cell_type": "code",
   "execution_count": 2,
   "metadata": {},
   "outputs": [],
   "source": [
    "if os.environ['COMPUTERNAME'] == 'DESKTOP-EQAO3M5':\n",
    "  computer_flag = 'home'\n",
    "else:\n",
    "  computer_flag = 'office'\n",
    "\n",
    "if computer_flag == 'home':\n",
    "  root_dir = \"F:/github/pythonScript/seafog/\"\n",
    "else:\n",
    "  root_dir = \"H:/github/python/seafog/\"\n",
    "\n",
    "def linear_vis(x):\n",
    "    if(x <= 1000.0):\n",
    "      y = x/1000.0\n",
    "    elif(x > 1000.0 and x <= 10000.0):\n",
    "      y = (x-1000.0)/9000.0 + 1.0\n",
    "    elif( x > 10000.0  and x <= 30000.0):\n",
    "      y = (x-10000.0)/20000 + 2.0\n",
    "    else:\n",
    "      y = 3.0\n",
    "    return y\n",
    "\n",
    "def reverse_linear_vis(x):\n",
    "    if(x<0):\n",
    "      y = 1\n",
    "    elif(x <= 1.0):\n",
    "      y = x*1000.0\n",
    "    elif(x <= 2.0):\n",
    "      y = (x - 1.0)*9000.0 + 1000.0\n",
    "    elif(x <= 3.0):\n",
    "      y = (x-2.0)*20000 + 10000.0\n",
    "    else:\n",
    "      y = 30000.0\n",
    "    return y\n",
    "\n",
    "def setDataset(df, x_columns):\n",
    "    df['t_td'] =  df['t2mm'] - df['t2md']\n",
    "    df['td_sst'] =  df['t2md'] - df['sstk']\n",
    "    df['t_sst'] =  df['t2mm'] - df['sstk']\n",
    "    df['delta_theta'] = df['theta925'] - df['theta1000']\n",
    "    df['delta_theta_e'] = df['theta_e925'] - df['theta_e1000']\n",
    "    df_x = df.loc[:, x_columns]\n",
    "    df_y = df['station_vis_linear']\n",
    "    _x = df_x.to_numpy()\n",
    "    _y = df_y.to_numpy()\n",
    "    return (_x, _y)\n",
    "\n",
    "def getScore(x,y, model):\n",
    "    predictions = model(x).numpy()\n",
    "    y_p = predictions[:,0]\n",
    "    df_s = pd.DataFrame({'prediction':y_p, 'y':y})\n",
    "    df_s_fog = df_s.loc[df_s['y']<=1.0]\n",
    "    df_s_mist = df_s.loc[(df_s['y']>1.0) & (df_s['y']<=2.0)]\n",
    "    df_s_clear = df_s.loc[df_s['y']>2.0]\n",
    "    print('* 实况为雾时:', end=' ')\n",
    "    getLevelRatio(df_s_fog)\n",
    "    # print('-------------')\n",
    "    print('* 实况为轻雾时:', end=' ')\n",
    "    # print('-------------')\n",
    "    getLevelRatio(df_s_mist)\n",
    "    print('* 实况为无雾时:', end=' ')\n",
    "    getLevelRatio(df_s_clear)\n",
    "    print('* TS评分:', end=' ')\n",
    "    TS_fog = get_fog_TSscore(df_s, threshold=1.0)\n",
    "    TS_fog_mist = get_fog_TSscore(df_s, threshold=2.0)\n",
    "    print(f'雾: {TS_fog}, 轻雾及雾: {TS_fog_mist}')\n",
    "\n",
    "def getLevelRatio(df):\n",
    "    length = len(df)\n",
    "    ratio_fog = len(df.loc[df['prediction']<=1.0])/length\n",
    "    ratio_mist = len(df.loc[(df['prediction']>1.0) & (df['prediction']<=2.0)])/length\n",
    "    ratio_clear = len(df.loc[df['prediction']>2.0])/length\n",
    "    print(f'比例: 雾:{ratio_fog}, 轻雾{ratio_mist}, 无雾{ratio_clear}')\n",
    "    return (ratio_fog, ratio_mist, ratio_clear)\n",
    "\n",
    "def get_fog_TSscore(df, threshold=1.0):\n",
    "    length = len(df)\n",
    "    NA = len(df.loc[(df['prediction']<=threshold) & (df['y']<=threshold)]) # 正确数\n",
    "    NB = len(df.loc[(df['prediction']<=threshold) & (df['y']>threshold)]) # 空报数\n",
    "    NC = len(df.loc[(df['prediction']>threshold) & (df['y']<=threshold)]) # 空报数\n",
    "    TS_score = NA/(NA + NB + NC)\n",
    "    return TS_score\n",
    "\n",
    "def get_NWP_score(df):\n",
    "    y = df['station_vis'].apply(linear_vis)\n",
    "    y_p = df['visi'].apply(linear_vis)\n",
    "    df_s = pd.DataFrame({'prediction':y_p, 'y':y})\n",
    "    df_s.dropna(inplace=True)\n",
    "    df_s_fog = df_s.loc[df_s['y']<=1.0]\n",
    "    df_s_mist = df_s.loc[(df_s['y']>1.0) & (df_s['y']<=2.0)]\n",
    "    df_s_clear = df_s.loc[df_s['y']>2.0]\n",
    "    print('* 实况为雾时:', end=' ')\n",
    "    getLevelRatio(df_s_fog)\n",
    "    # print('-------------')\n",
    "    print('* 实况为轻雾时:', end=' ')\n",
    "    # print('-------------')\n",
    "    getLevelRatio(df_s_mist)\n",
    "    print('* 实况为无雾时:', end=' ')\n",
    "    getLevelRatio(df_s_clear)\n",
    "    print('* TS评分:', end=' ')\n",
    "    TS_fog = get_fog_TSscore(df_s, threshold=1.0)\n",
    "    TS_fog_mist = get_fog_TSscore(df_s, threshold=2.0)\n",
    "    print(f'雾: {TS_fog}, 轻雾及雾: {TS_fog_mist}')"
   ]
  },
  {
   "cell_type": "code",
   "execution_count": 3,
   "metadata": {},
   "outputs": [
    {
     "name": "stdout",
     "output_type": "stream",
     "text": [
      "['/test', '/train', '/valid', '/valid_test']\n",
      "(469269, 17)\n",
      "(469269,)\n"
     ]
    }
   ],
   "source": [
    "# fog_dataset_hdf = \"H:/github/python/seafog/data/collection/fog_dataset.hdf\"\n",
    "# fog_dataset_hdf = \"F:/github/pythonScript/seafog/data/collection/fog_dataset.hdf\"\n",
    "# fog_dataset_hdf = \"H:/github/python/seafog/data/collection/fullhour/fog_dataset_fulltime.hdf\"\n",
    "# fog_dataset_hdf = os.path.normpath(os.path.join(file_dir, './fullhour/fog_dataset_72h1_168h6.hdf'))\n",
    "# fog_dataset_hdf = os.path.normpath(os.path.join(root_dir, './data/collection/fog_dataset_allstation.h5'))\n",
    "# fog_dataset_hdf = os.path.normpath(os.path.join(root_dir, './data/collection/fog_dataset_hdf66_fc120h.h5'))\n",
    "fog_dataset_hdf = os.path.normpath(os.path.join(root_dir, './data/collection/fog_dataset_hdf66_fc120h_v2.h5'))\n",
    "store_dataset = pd.HDFStore(fog_dataset_hdf, mode='r')\n",
    "print(store_dataset.keys())\n",
    "df_train = store_dataset.get('train')\n",
    "df_valid =store_dataset.get('valid')\n",
    "df_test = store_dataset.get('test')\n",
    "df_valid_test = store_dataset.get('valid_test')\n",
    "\n",
    "real_fcHour_list = list(range(0, 72+1, 3)) + list(range(78, 168+1, 6))\n",
    "df_test_real = df_test.loc[df_test['fc_hour'].isin(real_fcHour_list) ].copy(deep=True)\n",
    "df_valid_test_real = df_valid_test.loc[df_valid_test['fc_hour'].isin(real_fcHour_list) ].copy(deep=True)\n",
    "\n",
    "x_columns = ['t_td', 'td_sst','t_sst','v100', 'v10m', 'u100', 'u10m', 't2mm', 't2md', 'sstk','year_sin','year_cos', 'day_sin', 'day_cos','delta_theta','delta_theta_e','theta_e925']\n",
    "\n",
    "(train_x, train_y) = setDataset(df_train, x_columns)\n",
    "(valid_x, valid_y) = setDataset(df_valid, x_columns)\n",
    "(test_x,  test_y)  = setDataset(df_test, x_columns)\n",
    "(valid_test_x, valid_test_y) = setDataset(df_valid_test, x_columns)\n",
    "\n",
    "(test_real_x,  test_real_y)  = setDataset(df_test_real, x_columns)\n",
    "(valid_test_real_x, valid_test_real_y) = setDataset(df_valid_test_real, x_columns)\n",
    "\n",
    "\n",
    "\n",
    "print(train_x.shape)\n",
    "print(train_y.shape)\n",
    "\n",
    "scaler = StandardScaler()\n",
    "train_x_scaled = scaler.fit_transform(train_x)\n",
    "test_x_scaled  = scaler.transform(test_x)\n",
    "valid_x_scaled = scaler.transform(valid_x)\n",
    "valid_test_x_scaled = scaler.transform(valid_test_x)\n",
    "\n",
    "test_x_real_scaled  = scaler.transform(test_real_x)\n",
    "valid_test_x_real_scaled = scaler.transform(valid_test_real_x)\n",
    "\n",
    "\n",
    "keep_cols = ['t_td', 'td_sst','t_sst','year_sin','year_cos', 'day_sin', 'day_cos','delta_theta','delta_theta_e'] # 不需要标准化变量的参数\n",
    "\n",
    "for iColumn in keep_cols:\n",
    "    index = x_columns.index(iColumn)\n",
    "    train_x_scaled[:,index] = train_x[:,index]\n",
    "    valid_x_scaled[:,index] = valid_x[:,index]\n",
    "    test_x_scaled[:,index]  = test_x[:,index]\n",
    "    valid_test_x_scaled[:,index]  = valid_test_x[:,index]\n",
    "\n",
    "    test_x_real_scaled[:,index]  = test_real_x[:,index]\n",
    "    valid_test_x_real_scaled[:,index]  = valid_test_real_x[:,index]\n"
   ]
  },
  {
   "cell_type": "code",
   "execution_count": 33,
   "metadata": {},
   "outputs": [
    {
     "name": "stdout",
     "output_type": "stream",
     "text": [
      "Checking whether there is an H2O instance running at http://localhost:54321. connected.\n"
     ]
    },
    {
     "data": {
      "text/html": [
       "\n",
       "<style>\n",
       "\n",
       "#h2o-table-3.h2o-container {\n",
       "  overflow-x: auto;\n",
       "}\n",
       "#h2o-table-3 .h2o-table {\n",
       "  /* width: 100%; */\n",
       "  margin-top: 1em;\n",
       "  margin-bottom: 1em;\n",
       "}\n",
       "#h2o-table-3 .h2o-table caption {\n",
       "  white-space: nowrap;\n",
       "  caption-side: top;\n",
       "  text-align: left;\n",
       "  /* margin-left: 1em; */\n",
       "  margin: 0;\n",
       "  font-size: larger;\n",
       "}\n",
       "#h2o-table-3 .h2o-table thead {\n",
       "  white-space: nowrap; \n",
       "  position: sticky;\n",
       "  top: 0;\n",
       "  box-shadow: 0 -1px inset;\n",
       "}\n",
       "#h2o-table-3 .h2o-table tbody {\n",
       "  overflow: auto;\n",
       "}\n",
       "#h2o-table-3 .h2o-table th,\n",
       "#h2o-table-3 .h2o-table td {\n",
       "  text-align: right;\n",
       "  /* border: 1px solid; */\n",
       "}\n",
       "#h2o-table-3 .h2o-table tr:nth-child(even) {\n",
       "  /* background: #F5F5F5 */\n",
       "}\n",
       "\n",
       "</style>      \n",
       "<div id=\"h2o-table-3\" class=\"h2o-container\">\n",
       "  <table class=\"h2o-table\">\n",
       "    <caption></caption>\n",
       "    <thead></thead>\n",
       "    <tbody><tr><td>H2O_cluster_uptime:</td>\n",
       "<td>2 hours 14 mins</td></tr>\n",
       "<tr><td>H2O_cluster_timezone:</td>\n",
       "<td>Asia/Singapore</td></tr>\n",
       "<tr><td>H2O_data_parsing_timezone:</td>\n",
       "<td>UTC</td></tr>\n",
       "<tr><td>H2O_cluster_version:</td>\n",
       "<td>3.40.0.4</td></tr>\n",
       "<tr><td>H2O_cluster_version_age:</td>\n",
       "<td>18 days</td></tr>\n",
       "<tr><td>H2O_cluster_name:</td>\n",
       "<td>H2O_from_python_Henry_c6k8gz</td></tr>\n",
       "<tr><td>H2O_cluster_total_nodes:</td>\n",
       "<td>1</td></tr>\n",
       "<tr><td>H2O_cluster_free_memory:</td>\n",
       "<td>10.05 Gb</td></tr>\n",
       "<tr><td>H2O_cluster_total_cores:</td>\n",
       "<td>16</td></tr>\n",
       "<tr><td>H2O_cluster_allowed_cores:</td>\n",
       "<td>16</td></tr>\n",
       "<tr><td>H2O_cluster_status:</td>\n",
       "<td>locked, healthy</td></tr>\n",
       "<tr><td>H2O_connection_url:</td>\n",
       "<td>http://localhost:54321</td></tr>\n",
       "<tr><td>H2O_connection_proxy:</td>\n",
       "<td>{\"http\": null, \"https\": null}</td></tr>\n",
       "<tr><td>H2O_internal_security:</td>\n",
       "<td>False</td></tr>\n",
       "<tr><td>Python_version:</td>\n",
       "<td>3.10.5 final</td></tr></tbody>\n",
       "  </table>\n",
       "</div>\n"
      ],
      "text/plain": [
       "--------------------------  -----------------------------\n",
       "H2O_cluster_uptime:         2 hours 14 mins\n",
       "H2O_cluster_timezone:       Asia/Singapore\n",
       "H2O_data_parsing_timezone:  UTC\n",
       "H2O_cluster_version:        3.40.0.4\n",
       "H2O_cluster_version_age:    18 days\n",
       "H2O_cluster_name:           H2O_from_python_Henry_c6k8gz\n",
       "H2O_cluster_total_nodes:    1\n",
       "H2O_cluster_free_memory:    10.05 Gb\n",
       "H2O_cluster_total_cores:    16\n",
       "H2O_cluster_allowed_cores:  16\n",
       "H2O_cluster_status:         locked, healthy\n",
       "H2O_connection_url:         http://localhost:54321\n",
       "H2O_connection_proxy:       {\"http\": null, \"https\": null}\n",
       "H2O_internal_security:      False\n",
       "Python_version:             3.10.5 final\n",
       "--------------------------  -----------------------------"
      ]
     },
     "metadata": {},
     "output_type": "display_data"
    },
    {
     "name": "stdout",
     "output_type": "stream",
     "text": [
      "Parse progress: |████████████████████████████████████████████████████████████████| (done) 100%\n",
      "Parse progress: |████████████████████████████████████████████████████████████████| (done) 100%\n",
      "Parse progress: |████████████████████████████████████████████████████████████████| (done) 100%\n",
      "Parse progress: |████████████████████████████████████████████████████████████████| (done) 100%\n",
      "AutoML progress: |█\n",
      "02:36:08.920: User specified a validation frame with cross-validation still enabled. Please note that the models will still be validated using cross-validation only, the validation frame will be used to provide purely informative validation metrics on the trained models.\n",
      "02:36:08.923: AutoML: XGBoost is not available; skipping it.\n",
      "\n",
      "██████████████████████████████████████████████████████████████| (done) 100%\n",
      "model_id                                                    rmse        mse        mae      rmsle    mean_residual_deviance\n",
      "StackedEnsemble_AllModels_1_AutoML_2_20230517_23608     0.140504  0.0197415  0.0850676  0.0513402                 0.0197415\n",
      "StackedEnsemble_BestOfFamily_1_AutoML_2_20230517_23608  0.143137  0.0204882  0.0851971  0.0524414                 0.0204882\n",
      "GBM_grid_1_AutoML_2_20230517_23608_model_5              0.143468  0.0205829  0.0851021  0.0524587                 0.0205829\n",
      "GBM_grid_1_AutoML_2_20230517_23608_model_4              0.159444  0.0254223  0.104628   0.0593208                 0.0254223\n",
      "DRF_1_AutoML_2_20230517_23608                           0.175765  0.0308933  0.114953   0.0650498                 0.0308933\n",
      "XRT_1_AutoML_2_20230517_23608                           0.178678  0.0319257  0.117579   0.0661537                 0.0319257\n",
      "GBM_grid_1_AutoML_2_20230517_23608_model_1              0.179586  0.032251   0.120851   0.067614                  0.032251\n",
      "GBM_4_AutoML_2_20230517_23608                           0.193331  0.037377   0.133822   0.0751537                 0.037377\n",
      "GBM_1_AutoML_2_20230517_23608                           0.193558  0.0374648  0.129713   0.0737919                 0.0374648\n",
      "GBM_3_AutoML_2_20230517_23608                           0.218727  0.0478416  0.156008   0.0869916                 0.0478416\n",
      "[22 rows x 6 columns]\n",
      "\n",
      "Parse progress: |████████████████████████████████████████████████████████████████| (done) 100%\n",
      "stackedensemble prediction progress: |███████████████████████████████████████████| (done) 100%\n"
     ]
    }
   ],
   "source": [
    "# 初始化H2O集群\n",
    "h2o.init()\n",
    "\n",
    "# 将数据转换为H2O数据框\n",
    "train = h2o.H2OFrame(train_x_scaled, column_names=x_columns)\n",
    "train['target'] = h2o.H2OFrame(train_y)\n",
    "valid = h2o.H2OFrame(valid_x_scaled, column_names=x_columns)\n",
    "valid['target'] = h2o.H2OFrame(valid_y)\n",
    "x = train.columns\n",
    "y = \"target\"\n",
    "x.remove(y)\n",
    "# aml = H2OAutoML(max_models=20, seed=1)\n",
    "aml = H2OAutoML(max_models=20, seed=1,stopping_rounds=5, stopping_metric='RMSE', stopping_tolerance=0.01, sort_metric='RMSE')\n",
    "aml.train(x=x, y=y, training_frame=train, validation_frame=valid)\n",
    "\n",
    "lb = aml.leaderboard\n",
    "print(lb)\n",
    "best_model = aml.leader\n",
    "test = h2o.H2OFrame(test_x_scaled, column_names=x_columns)\n",
    "preds = best_model.predict(test)"
   ]
  },
  {
   "cell_type": "code",
   "execution_count": 7,
   "metadata": {},
   "outputs": [
    {
     "name": "stdout",
     "output_type": "stream",
     "text": [
      "Parse progress: |████████████████████████████████████████████████████████████████| (done) 100%\n",
      "stackedensemble prediction progress: |███████████████████████████████████████████| (done) 100%\n"
     ]
    }
   ],
   "source": [
    "best_model = aml.leader\n",
    "test = h2o.H2OFrame(test_x_scaled, column_names=x_columns)\n",
    "preds = best_model.predict(test)"
   ]
  },
  {
   "cell_type": "code",
   "execution_count": 10,
   "metadata": {},
   "outputs": [
    {
     "name": "stdout",
     "output_type": "stream",
     "text": [
      "  predict\n",
      "  1.56771\n",
      "  1.50512\n",
      "  1.56694\n",
      "  1.54589\n",
      "  1.55319\n",
      "  1.43925\n",
      "  1.51988\n",
      "  1.47628\n",
      "  1.52325\n",
      "  1.53768\n",
      "[134079 rows x 1 column]\n",
      "\n"
     ]
    }
   ],
   "source": [
    "print(preds)"
   ]
  },
  {
   "cell_type": "code",
   "execution_count": 17,
   "metadata": {},
   "outputs": [
    {
     "data": {
      "text/plain": [
       "array([1.56770749, 1.50511905, 1.56693761, ..., 2.71683613, 2.68571557,\n",
       "       1.67736438])"
      ]
     },
     "execution_count": 17,
     "metadata": {},
     "output_type": "execute_result"
    }
   ],
   "source": [
    "preds.as_data_frame().values.flatten()"
   ]
  },
  {
   "cell_type": "code",
   "execution_count": 15,
   "metadata": {},
   "outputs": [
    {
     "data": {
      "text/plain": [
       "array([2.422     , 1.89533333, 1.96144444, ..., 2.1344    , 1.68233333,\n",
       "       2.8258    ])"
      ]
     },
     "execution_count": 15,
     "metadata": {},
     "output_type": "execute_result"
    }
   ],
   "source": [
    "train_y"
   ]
  },
  {
   "cell_type": "code",
   "execution_count": 18,
   "metadata": {},
   "outputs": [],
   "source": [
    "def getScore(x,y, model):\n",
    "    predictions = model.predict(x)\n",
    "    y_p = predictions.as_data_frame().values.flatten()\n",
    "    df_s = pd.DataFrame({'prediction':y_p, 'y':y})\n",
    "    df_s_fog = df_s.loc[df_s['y']<=1.0]\n",
    "    df_s_mist = df_s.loc[(df_s['y']>1.0) & (df_s['y']<=2.0)]\n",
    "    df_s_clear = df_s.loc[df_s['y']>2.0]\n",
    "    print('* 实况为雾时:', end=' ')\n",
    "    getLevelRatio(df_s_fog)\n",
    "    # print('-------------')\n",
    "    print('* 实况为轻雾时:', end=' ')\n",
    "    # print('-------------')\n",
    "    getLevelRatio(df_s_mist)\n",
    "    print('* 实况为无雾时:', end=' ')\n",
    "    getLevelRatio(df_s_clear)\n",
    "    print('* TS评分:', end=' ')\n",
    "    TS_fog = get_fog_TSscore(df_s, threshold=1.0)\n",
    "    TS_fog_mist = get_fog_TSscore(df_s, threshold=2.0)\n",
    "    print(f'雾: {TS_fog}, 轻雾及雾: {TS_fog_mist}')"
   ]
  },
  {
   "cell_type": "code",
   "execution_count": 19,
   "metadata": {},
   "outputs": [
    {
     "name": "stdout",
     "output_type": "stream",
     "text": [
      "#### ==================训练集==========\n",
      "Parse progress: |████████████████████████████████████████████████████████████████| (done) 100%\n",
      "stackedensemble prediction progress: |███████████████████████████████████████████| (done) 100%\n",
      "* 实况为雾时: 比例: 雾:0.9944061934625982, 轻雾0.005593806537401789, 无雾0.0\n",
      "* 实况为轻雾时: 比例: 雾:0.01036931908990366, 轻雾0.9569117073576137, 无雾0.03271897355248269\n",
      "* 实况为无雾时: 比例: 雾:0.0, 轻雾0.05395625962933839, 无雾0.9460437403706616\n",
      "* TS评分: 雾: 0.9842007023316144, 轻雾及雾: 0.9578008378827587\n",
      "#### ===============验证集==========\n",
      "Parse progress: |████████████████████████████████████████████████████████████████| (done) 100%\n",
      "stackedensemble prediction progress: |███████████████████████████████████████████| (done) 100%\n",
      "* 实况为雾时: 比例: 雾:0.5405889197171754, 轻雾0.45536113845878456, 无雾0.004049941824040097\n",
      "* 实况为轻雾时: 比例: 雾:0.09133625704824129, 轻雾0.7984202989349324, 无雾0.11024344401682627\n",
      "* 实况为无雾时: 比例: 雾:0.0002685044303231003, 轻雾0.23520988096303588, 无雾0.764521614606641\n",
      "* TS评分: 雾: 0.49522403968351575, 轻雾及雾: 0.8435360531689154\n",
      "#### ===================测试集==========\n",
      "Parse progress: |████████████████████████████████████████████████████████████████| (done) 100%\n",
      "stackedensemble prediction progress: |███████████████████████████████████████████| (done) 100%\n",
      "* 实况为雾时: 比例: 雾:0.24229745150247242, 轻雾0.7381245385183363, 无雾0.01957800997919137\n",
      "* 实况为轻雾时: 比例: 雾:0.09106571498892443, 轻雾0.7989618060993892, 无雾0.10997247891168639\n",
      "* 实况为无雾时: 比例: 雾:0.0004027476338576511, 轻雾0.23070726959479113, 无雾0.7688899827713512\n",
      "* TS评分: 雾: 0.22199216908222463, 轻雾及雾: 0.8383492954921526\n"
     ]
    }
   ],
   "source": [
    "print('#### ==================训练集==========')\n",
    "getScore(h2o.H2OFrame(train_x_scaled, column_names=x_columns), train_y, best_model)\n",
    "print('#### ===============验证集==========')\n",
    "getScore(h2o.H2OFrame(valid_x_scaled, column_names=x_columns), valid_y, best_model)\n",
    "print('#### ===================测试集==========')\n",
    "getScore(h2o.H2OFrame(test_x_scaled, column_names=x_columns), test_y, best_model)"
   ]
  },
  {
   "cell_type": "code",
   "execution_count": 34,
   "metadata": {},
   "outputs": [
    {
     "name": "stdout",
     "output_type": "stream",
     "text": [
      "#### ==========StackedEnsemble_AllModels_1_AutoML_2_20230517_23608=========测试集==========\n",
      "Parse progress: |████████████████████████████████████████████████████████████████| (done) 100%\n",
      "stackedensemble prediction progress: |███████████████████████████████████████████| (done) 100%\n",
      "* 实况为雾时: 比例: 雾:0.24229745150247242, 轻雾0.7381245385183363, 无雾0.01957800997919137\n",
      "* 实况为轻雾时: 比例: 雾:0.09106571498892443, 轻雾0.7989618060993892, 无雾0.10997247891168639\n",
      "* 实况为无雾时: 比例: 雾:0.0004027476338576511, 轻雾0.23070726959479113, 无雾0.7688899827713512\n",
      "* TS评分: 雾: 0.22199216908222463, 轻雾及雾: 0.8383492954921526\n",
      "#### ==========StackedEnsemble_BestOfFamily_1_AutoML_2_20230517_23608=========测试集==========\n",
      "Parse progress: |████████████████████████████████████████████████████████████████| (done) 100%\n",
      "stackedensemble prediction progress: |███████████████████████████████████████████| (done) 100%\n",
      "* 实况为雾时: 比例: 雾:0.2672230550645515, 轻雾0.6908688161457052, 无雾0.04190812878974336\n",
      "* 实况为轻雾时: 比例: 雾:0.10520663191103752, 轻雾0.7565614302015976, 无雾0.1382319378873649\n",
      "* 实况为无雾时: 比例: 雾:0.00042512250240529835, 轻雾0.23442149777370058, 无雾0.7651533797238941\n",
      "* TS评分: 雾: 0.24169263771400817, 轻雾及雾: 0.8143108868464789\n",
      "#### ==========GBM_grid_1_AutoML_2_20230517_23608_model_5=========测试集==========\n",
      "Parse progress: |████████████████████████████████████████████████████████████████| (done) 100%\n",
      "gbm prediction progress: |███████████████████████████████████████████████████████| (done) 100%\n",
      "* 实况为雾时: 比例: 雾:0.263956324256595, 轻雾0.6951647909068535, 无雾0.04087888483655158\n",
      "* 实况为轻雾时: 比例: 雾:0.10381939006108339, 轻雾0.7634081399771776, 无雾0.13277246996173897\n",
      "* 实况为无雾时: 比例: 雾:0.00042512250240529835, 轻雾0.2409102096525183, 无雾0.7586646678450764\n",
      "* TS评分: 雾: 0.23903793159345113, 轻雾及雾: 0.814848460647686\n",
      "#### ==========GBM_grid_1_AutoML_2_20230517_23608_model_4=========测试集==========\n",
      "Parse progress: |████████████████████████████████████████████████████████████████| (done) 100%\n",
      "gbm prediction progress: |███████████████████████████████████████████████████████| (done) 100%\n",
      "* 实况为雾时: 比例: 雾:0.19575772492336607, 轻雾0.7932562146197392, 无雾0.010986060456894816\n",
      "* 实况为轻雾时: 比例: 雾:0.07616405253619135, 轻雾0.8642069227843286, 无雾0.05962902467948001\n",
      "* 实况为无雾时: 比例: 雾:0.0002684984225717674, 轻雾0.24842816548452779, 无雾0.7513033360929005\n",
      "* TS评分: 雾: 0.1818578644328504, 轻雾及雾: 0.8580014129212644\n",
      "#### ==========DRF_1_AutoML_2_20230517_23608=========测试集==========\n",
      "Parse progress: |████████████████████████████████████████████████████████████████| (done) 100%\n",
      "drf prediction progress: |███████████████████████████████████████████████████████| (done) 100%\n",
      "* 实况为雾时: 比例: 雾:0.2641353232049762, 轻雾0.7240954959389614, 无雾0.01176918085606247\n",
      "* 实况为轻雾时: 比例: 雾:0.11290358669142819, 轻雾0.8323227351039313, 无雾0.05477367820464055\n",
      "* 实况为无雾时: 比例: 雾:6.712460564294185e-05, 轻雾0.24726467232005012, 无雾0.7526682030743069\n",
      "* TS评分: 雾: 0.23732459490973423, 轻雾及雾: 0.8603345280764636\n",
      "#### ==========XRT_1_AutoML_2_20230517_23608=========测试集==========\n",
      "Parse progress: |████████████████████████████████████████████████████████████████| (done) 100%\n",
      "drf prediction progress: |███████████████████████████████████████████████████████| (done) 100%\n",
      "* 实况为雾时: 比例: 雾:0.26910254402255385, 轻雾0.7224621305349831, 无雾0.008435325442463025\n",
      "* 实况为轻雾时: 比例: 雾:0.10310339426755868, 轻雾0.8502002550735015, 无雾0.04669635065893988\n",
      "* 实况为无雾时: 比例: 雾:0.000156624079833531, 轻雾0.25021815496833955, 无雾0.7496252209518269\n",
      "* TS评分: 雾: 0.2439157945972256, 轻雾及雾: 0.8642419662742603\n",
      "#### ==========GBM_grid_1_AutoML_2_20230517_23608_model_1=========测试集==========\n",
      "Parse progress: |████████████████████████████████████████████████████████████████| (done) 100%\n",
      "gbm prediction progress: |███████████████████████████████████████████████████████| (done) 100%\n",
      "* 实况为雾时: 比例: 雾:0.1683261360839505, 轻雾0.8155415836931958, 无雾0.01613228022285369\n",
      "* 实况为轻雾时: 比例: 雾:0.09149083749132973, 轻雾0.851945494820218, 无雾0.05656366768845233\n",
      "* 实况为无雾时: 比例: 雾:0.00020137381692882556, 轻雾0.24683954981764483, 无雾0.7529590763654264\n",
      "* TS评分: 雾: 0.1541882724272919, 轻雾及雾: 0.8577075885966922\n",
      "#### ==========GBM_4_AutoML_2_20230517_23608=========测试集==========\n",
      "Parse progress: |████████████████████████████████████████████████████████████████| (done) 100%\n",
      "gbm prediction progress: |███████████████████████████████████████████████████████| (done) 100%\n",
      "* 实况为雾时: 比例: 雾:0.3723849372384937, 轻雾0.6142348913700132, 无雾0.013380171391493076\n",
      "* 实况为轻雾时: 比例: 雾:0.11254558879466584, 轻雾0.8020942876960598, 无雾0.08536012350927438\n",
      "* 实况为无雾时: 比例: 雾:0.0002461235540241201, 轻雾0.25075515181348307, 无雾0.7489987246324927\n",
      "* TS评分: 雾: 0.3346402863232396, 轻雾及雾: 0.8446284441970499\n",
      "#### ==========GBM_1_AutoML_2_20230517_23608=========测试集==========\n",
      "Parse progress: |████████████████████████████████████████████████████████████████| (done) 100%\n",
      "gbm prediction progress: |███████████████████████████████████████████████████████| (done) 100%\n",
      "* 实况为雾时: 比例: 雾:0.3172085113999955, 轻雾0.6672633298279372, 无雾0.015528158772067214\n",
      "* 实况为轻雾时: 比例: 雾:0.1110688474705211, 轻雾0.8071286331192804, 无雾0.08180251941019846\n",
      "* 实况为无雾时: 比例: 雾:0.00020137381692882556, 轻雾0.24815966706195602, 无雾0.7516389591211151\n",
      "* TS评分: 雾: 0.2854467845205976, 轻雾及雾: 0.8462472384212726\n",
      "#### ==========GBM_3_AutoML_2_20230517_23608=========测试集==========\n",
      "Parse progress: |████████████████████████████████████████████████████████████████| (done) 100%\n",
      "gbm prediction progress: |███████████████████████████████████████████████████████| (done) 100%\n",
      "* 实况为雾时: 比例: 雾:0.36752959076365427, 轻雾0.6215962231221892, 无雾0.01087418611415658\n",
      "* 实况为轻雾时: 比例: 雾:0.13966392947441433, 轻雾0.7954937014745038, 无雾0.06484236905108183\n",
      "* 实况为无雾时: 比例: 雾:0.000626496319334124, 轻雾0.24554180744188128, 无雾0.7538316962387845\n",
      "* TS评分: 雾: 0.3223122657614348, 轻雾及雾: 0.8566960194445551\n",
      "#### ==========GBM_2_AutoML_2_20230517_23608=========测试集==========\n",
      "Parse progress: |████████████████████████████████████████████████████████████████| (done) 100%\n",
      "gbm prediction progress: |███████████████████████████████████████████████████████| (done) 100%\n",
      "* 实况为雾时: 比例: 雾:0.3338106638623498, 轻雾0.6581343834604971, 无雾0.008054952677153022\n",
      "* 实况为轻雾时: 比例: 雾:0.16526077909292283, 轻雾0.7495133466090886, 无雾0.0852258742979885\n",
      "* 实况为无雾时: 比例: 雾:0.0008726198733582441, 轻雾0.2413353321549236, 无雾0.7577920479717182\n",
      "* TS评分: 雾: 0.28625426915844815, 轻雾及雾: 0.8503757072576863\n",
      "#### ==========GBM_5_AutoML_2_20230517_23608=========测试集==========\n",
      "Parse progress: |████████████████████████████████████████████████████████████████| (done) 100%\n",
      "gbm prediction progress: |███████████████████████████████████████████████████████| (done) 100%\n",
      "* 实况为雾时: 比例: 雾:0.38824871903877567, 轻雾0.5995122278656613, 无雾0.012239053095563064\n",
      "* 实况为轻雾时: 比例: 雾:0.1863602801333542, 轻雾0.7412122703779115, 无雾0.07242744948873425\n",
      "* 实况为无雾时: 比例: 雾:0.0008726198733582441, 轻雾0.2403955876759224, 无雾0.7587317924507193\n",
      "* TS评分: 雾: 0.32701984508396, 轻雾及雾: 0.854575766953848\n",
      "#### ==========GBM_grid_1_AutoML_2_20230517_23608_model_3=========测试集==========\n",
      "Parse progress: |████████████████████████████████████████████████████████████████| (done) 100%\n",
      "gbm prediction progress: |███████████████████████████████████████████████████████| (done) 100%\n",
      "* 实况为雾时: 比例: 雾:0.38513861231065266, 轻雾0.6038977021010001, 无雾0.010963685588347169\n",
      "* 实况为轻雾时: 比例: 雾:0.16020405880115454, 轻雾0.7786454254581254, 无雾0.06115051574072002\n",
      "* 实况为无雾时: 比例: 雾:0.0017004900096211934, 轻雾0.2419618284742577, 无雾0.7563376815161211\n",
      "* TS评分: 雾: 0.3314718172889907, 轻雾及雾: 0.8592584466871435\n",
      "#### ==========GBM_grid_1_AutoML_2_20230517_23608_model_2=========测试集==========\n",
      "Parse progress: |████████████████████████████████████████████████████████████████| (done) 100%\n",
      "gbm prediction progress: |███████████████████████████████████████████████████████| (done) 100%\n",
      "* 实况为雾时: 比例: 雾:0.4986910701899626, 轻雾0.48363278365739604, 无雾0.017676146152641355\n",
      "* 实况为轻雾时: 比例: 雾:0.19996420021032377, 轻雾0.7623788960239859, 无雾0.03765690376569038\n",
      "* 实况为无雾时: 比例: 雾:0.0017228648781688408, 轻雾0.2447586870427136, 无雾0.7535184480791175\n",
      "* TS评分: 雾: 0.41499245908354593, 轻雾及雾: 0.8656500866516603\n",
      "#### ==========DeepLearning_grid_2_AutoML_2_20230517_23608_model_1=========测试集==========\n",
      "Parse progress: |████████████████████████████████████████████████████████████████| (done) 100%\n",
      "deeplearning prediction progress: |██████████████████████████████████████████████| (done) 100%\n",
      "* 实况为雾时: 比例: 雾:0.5044637862752557, 轻雾0.48663101604278075, 无雾0.008905197681963618\n",
      "* 实况为轻雾时: 比例: 雾:0.1333989662810731, 轻雾0.815273085270624, 无雾0.051327948448302865\n",
      "* 实况为无雾时: 比例: 雾:0.0014767413241447206, 轻雾0.27747074485937395, 无雾0.7210525138164813\n",
      "* TS评分: 雾: 0.44451016344314975, 轻雾及雾: 0.8511678595623103\n",
      "#### ==========DeepLearning_grid_3_AutoML_2_20230517_23608_model_1=========测试集==========\n",
      "Parse progress: |████████████████████████████████████████████████████████████████| (done) 100%\n",
      "deeplearning prediction progress: |██████████████████████████████████████████████| (done) 100%\n",
      "* 实况为雾时: 比例: 雾:0.5167028393708187, 轻雾0.4784865638914371, 无雾0.0048105967377441656\n",
      "* 实况为轻雾时: 比例: 雾:0.10243214821112925, 轻雾0.8139305931577652, 无雾0.08363725863110555\n",
      "* 实况为无雾时: 比例: 雾:0.0014767413241447206, 轻雾0.29733962812968473, 无雾0.7011836305461705\n",
      "* TS评分: 雾: 0.4680665626203458, 轻雾及雾: 0.8315375556009772\n",
      "#### ==========DeepLearning_1_AutoML_2_20230517_23608=========测试集==========\n",
      "Parse progress: |████████████████████████████████████████████████████████████████| (done) 100%\n",
      "deeplearning prediction progress: |██████████████████████████████████████████████| (done) 100%\n",
      "* 实况为雾时: 比例: 雾:0.6108339113507708, 轻雾0.38399749401472266, 无雾0.005168594634506522\n",
      "* 实况为轻雾时: 比例: 雾:0.18284742577137358, 轻雾0.7923388450092855, 无雾0.024813729219340837\n",
      "* 实况为无雾时: 比例: 雾:0.002036113037835903, 轻雾0.25675161658425255, 无雾0.7412122703779115\n",
      "* TS评分: 雾: 0.5155223204169499, 轻雾及雾: 0.8721570647436405\n",
      "#### ==========DeepLearning_grid_1_AutoML_2_20230517_23608_model_1=========测试集==========\n",
      "Parse progress: |████████████████████████████████████████████████████████████████| (done) 100%\n",
      "deeplearning prediction progress: |██████████████████████████████████████████████| (done) 100%\n",
      "* 实况为雾时: 比例: 雾:0.6320676616024881, 轻雾0.36417336048150717, 无雾0.0037589779160047436\n",
      "* 实况为轻雾时: 比例: 雾:0.2322511355245788, 轻雾0.6919875595730876, 无雾0.0757613049023337\n",
      "* 实况为无雾时: 比例: 雾:0.0036471035732665072, 轻雾0.2792383594746381, 无雾0.7171145369520954\n",
      "* TS评分: 雾: 0.5114237091751757, 轻雾及雾: 0.8412510168677533\n",
      "#### ==========DeepLearning_grid_1_AutoML_2_20230517_23608_model_2=========测试集==========\n",
      "Parse progress: |████████████████████████████████████████████████████████████████| (done) 100%\n",
      "deeplearning prediction progress: |██████████████████████████████████████████████| (done) 100%\n",
      "* 实况为雾时: 比例: 雾:0.6202537310093303, 轻雾0.37842615174635846, 无雾0.0013201172443111898\n",
      "* 实况为轻雾时: 比例: 雾:0.20772827959635737, 轻雾0.7734544559550712, 无雾0.018817264448571364\n",
      "* 实况为无雾时: 比例: 雾:0.0036023538361712125, 轻雾0.2883673058420782, 无雾0.7080303403217506\n",
      "* TS评分: 雾: 0.5120432967601315, 轻雾及雾: 0.8638258407770781\n",
      "#### ==========DeepLearning_grid_2_AutoML_2_20230517_23608_model_2=========测试集==========\n",
      "Parse progress: |████████████████████████████████████████████████████████████████| (done) 100%\n",
      "deeplearning prediction progress: |██████████████████████████████████████████████| (done) 100%\n",
      "* 实况为雾时: 比例: 雾:0.2830197122591905, 轻雾0.7169802877408096, 无雾0.0\n",
      "* 实况为轻雾时: 比例: 雾:0.04888908777660931, 轻雾0.9511109122233907, 无雾0.0\n",
      "* 实况为无雾时: 比例: 雾:8.949947419058913e-05, 轻雾0.9633052155818584, 无雾0.036605284943950954\n",
      "* TS评分: 雾: 0.2698050424469946, 轻雾及雾: 0.6749016558066488\n",
      "#### ==========GLM_1_AutoML_2_20230517_23608=========测试集==========\n",
      "Parse progress: |████████████████████████████████████████████████████████████████| (done) 100%\n",
      "glm prediction progress: |███████████████████████████████████████████████████████| (done) 100%\n",
      "* 实况为雾时: 比例: 雾:0.6269661915736245, 轻雾0.3730338084263755, 无雾0.0\n",
      "* 实况为轻雾时: 比例: 雾:0.3515539346206341, 轻雾0.6483789407737229, 无雾6.712460564294185e-05\n",
      "* 实况为无雾时: 比例: 雾:0.010918935851251874, 轻雾0.3562974067527353, 无雾0.6327836573960128\n",
      "* TS评分: 雾: 0.4601678353833774, 轻雾及雾: 0.84484583829562\n",
      "#### ==========DeepLearning_grid_3_AutoML_2_20230517_23608_model_2=========测试集==========\n",
      "Parse progress: |████████████████████████████████████████████████████████████████| (done) 100%\n",
      "deeplearning prediction progress: |██████████████████████████████████████████████| (done) 100%\n",
      "* 实况为雾时: 比例: 雾:0.06678898261472714, 轻雾0.9332110173852729, 无雾0.0\n",
      "* 实况为轻雾时: 比例: 雾:0.005079095160315933, 轻雾0.9949209048396841, 无雾0.0\n",
      "* 实况为无雾时: 比例: 雾:0.0, 轻雾1.0, 无雾0.0\n",
      "* TS评分: 雾: 0.06645146927871771, 轻雾及雾: 0.6666666666666666\n"
     ]
    }
   ],
   "source": [
    "# 获取模型的排行榜\n",
    "lb = aml.leaderboard\n",
    "\n",
    "# 将排行榜转化为列表\n",
    "model_ids = lb.as_data_frame()['model_id'].tolist()\n",
    "\n",
    "# 遍历并保存每个模型\n",
    "for i, model_id in enumerate(model_ids):\n",
    "    i_model = h2o.get_model(model_id)\n",
    "    print(f'#### =========={model_id}=========测试集==========')\n",
    "    getScore(h2o.H2OFrame(test_x_scaled, column_names=x_columns), test_y, i_model)\n"
   ]
  },
  {
   "cell_type": "code",
   "execution_count": 20,
   "metadata": {},
   "outputs": [],
   "source": [
    "# 保存模型\n",
    "model_path = h2o.save_model(model=aml.leader, path='F:/github/pythonScript/seafog/src/xgboost/h2o_model', force=True)\n"
   ]
  },
  {
   "cell_type": "code",
   "execution_count": 24,
   "metadata": {},
   "outputs": [],
   "source": [
    "# 获取模型的排行榜\n",
    "lb = aml.leaderboard\n",
    "\n",
    "# 将排行榜转化为列表\n",
    "model_ids = lb.as_data_frame()['model_id'].tolist()\n",
    "\n",
    "# 遍历并保存每个模型\n",
    "for i, model_id in enumerate(model_ids):\n",
    "    model = h2o.get_model(model_id)\n",
    "    h2o.save_model(model=model, path=f\"F:/github/pythonScript/seafog/src/xgboost/h2o_model/v1_all_model/model_{i}\", force=True)\n"
   ]
  },
  {
   "cell_type": "code",
   "execution_count": null,
   "metadata": {},
   "outputs": [],
   "source": []
  },
  {
   "cell_type": "code",
   "execution_count": 22,
   "metadata": {},
   "outputs": [
    {
     "data": {
